/Users/ylee/git/3d_tetris/venv/bin/python /Users/ylee/git/3d_tetris/main.py 
element 1:
110  010  000
100  000  000
000  000  000
12 ['22211100100', '22211010001', '22211001010', '22210111000', '22210100011', '22210001101', '22201110010', '22201011100', '22201000111', '22200110101', '22200101110', '22200011011']
96
element 2:
110  000  000
100  100  000
000  000  000
12 ['22211100010', '22211011000', '22211000101', '22210110001', '22210101100', '22210001011', '22201110100', '22201010011', '22201001110', '22200111010', '22200100111', '22200011101']
96
element 3:
111  000  000
100  000  000
000  000  000
24 ['321111010', '321110101', '321101011', '321010111', '312111010', '312110101', '312101011', '312010111', '231111100', '231111001', '231100111', '231001111', '213111100', '213111001', '213100111', '213001111', '132111010', '132110101', '132101011', '132010111', '123111100', '123111001', '123100111', '123001111']
144
element 4:
110  000  000
011  000  000
000  000  000
12 ['321101101', '321011110', '312101101', '312011110', '231110011', '231011110', '213110011', '213011110', '132101101', '132011110', '123110011', '123011110']
72
element 5:
110  100  000
100  000  000
000  000  000
8 ['22211101000', '22211010100', '22210110010', '22210001110', '22201110001', '22201001101', '22200101011', '22200010111']
64
element 6:
111  000  000
010  000  000
000  000  000
12 ['321101110', '321011101', '312101110', '312011101', '231111010', '231010111', '213111010', '213010111', '132101110', '132011101', '123111010', '123010111']
72
sol:001 [2, 91, 72, 141, 48, 45, 19]
114  224  724
614  233  773
665  655  753
sol:002 [2, 91, 38, 78, 48, 45, 19]
113  224  724
613  233  774
665  655  754
sol:003 [2, 90, 69, 92, 13, 0, 45]
117  422  452
317  427  556
337  436  566
sol:004 [2, 90, 59, 12, 24, 45, 45]
117  322  332
617  327  444
667  655  554
sol:005 [2, 90, 0, 109, 68, 35, 45]
117  622  662
517  527  633
447  543  543
sol:006 [2, 89, 74, 10, 45, 35, 24]
115  633  663
415  225  623
444  275  777
sol:007 [2, 88, 59, 134, 6, 28, 52]
117  377  337
416  322  552
466  426  455
sol:008 [2, 83, 69, 48, 38, 18, 45]
117  226  566
317  527  526
337  534  444
sol:009 [2, 82, 64, 28, 41, 9, 7]
114  522  777
514  532  672
544  633  663
sol:010 [2, 81, 51, 134, 52, 28, 36]
115  355  357
416  227  337
466  426  427
sol:011 [2, 80, 53, 4, 0, 35, 52]
117  677  667
314  322  655
444  332  552
sol:012 [2, 80, 50, 141, 65, 9, 33]
114  534  534
514  522  633
777  672  662
sol:013 [2, 75, 73, 134, 54, 18, 45]
117  226  266
417  337  236
457  455  435
sol:014 [2, 75, 44, 100, 57, 0, 55]
114  224  244
513  553  256
733  776  766
sol:015 [2, 75, 32, 141, 68, 10, 33]
114  224  264
514  563  266
777  573  533
sol:016 [2, 75, 32, 28, 57, 18, 55]
114  226  266
514  553  256
744  773  733
sol:017 [2, 75, 26, 0, 45, 37, 33]
115  223  233
615  665  234
777  675  444
sol:018 [2, 75, 26, 0, 33, 37, 45]
117  223  233
617  667  234
557  655  444
sol:019 [2, 75, 26, 0, 8, 45, 45]
117  223  233
617  557  234
667  655  444
sol:020 [2, 75, 18, 141, 68, 0, 33]
114  224  234
514  533  236
777  576  566
sol:021 [2, 75, 2, 93, 33, 37, 0]
114  224  233
614  663  273
554  655  777
sol:022 [2, 75, 2, 93, 8, 45, 0]
114  224  233
614  553  273
664  655  777
sol:023 [2, 74, 38, 72, 65, 9, 33]
113  522  524
513  533  624
777  674  664
sol:024 [2, 69, 83, 66, 6, 18, 45]
117  336  366
217  237  556
227  444  455
sol:025 [2, 69, 74, 87, 2, 35, 0]
114  633  663
214  255  673
224  554  777
sol:026 [2, 69, 64, 62, 7, 9, 45]
117  444  554
217  237  655
227  633  663
sol:027 [2, 69, 38, 62, 7, 9, 48]
113  444  554
213  233  655
227  677  667
sol:028 [2, 69, 17, 93, 9, 0, 7]
114  554  777
214  255  376
224  336  366
sol:029 [2, 67, 1, 134, 52, 28, 36]
115  255  257
416  227  337
466  436  437
sol:030 [2, 66, 51, 141, 68, 0, 33]
114  324  324
514  522  336
777  576  566
sol:031 [2, 66, 0, 141, 65, 9, 33]
114  524  524
514  522  633
777  673  663
sol:032 [2, 65, 83, 10, 45, 18, 0]
115  336  366
415  235  276
444  225  777
sol:033 [2, 61, 73, 80, 52, 28, 36]
115  455  457
216  337  437
266  226  437
sol:034 [2, 61, 72, 37, 44, 28, 52]
117  577  447
216  533  543
266  226  543
sol:035 [2, 61, 67, 31, 52, 28, 36]
115  355  457
216  337  437
266  226  447
sol:036 [2, 61, 67, 6, 69, 28, 26]
115  375  777
216  335  435
266  226  444
sol:037 [2, 61, 59, 0, 25, 28, 52]
117  377  337
216  355  554
266  226  444
sol:038 [2, 61, 44, 48, 31, 35, 52]
117  677  667
213  553  655
233  224  444
sol:039 [2, 61, 44, 48, 7, 43, 52]
117  677  557
213  663  655
233  224  444
sol:040 [2, 61, 30, 37, 44, 28, 36]
113  533  447
216  537  547
266  226  547
sol:041 [2, 61, 26, 28, 9, 0, 38]
114  553  733
214  755  736
244  226  766
sol:042 [2, 59, 72, 93, 24, 45, 26]
114  274  777
614  233  223
664  655  553
sol:043 [2, 59, 33, 132, 69, 45, 26]
115  275  777
614  235  225
664  634  334
sol:044 [2, 59, 33, 87, 42, 45, 26]
114  275  777
614  235  225
664  634  335
sol:045 [2, 59, 33, 87, 26, 45, 36]
114  255  557
614  237  227
664  634  337
sol:046 [2, 59, 33, 72, 26, 45, 45]
117  255  554
617  237  224
667  634  334
sol:047 [2, 58, 32, 141, 68, 35, 33]
114  624  664
514  523  622
777  573  533
sol:048 [2, 57, 69, 120, 50, 35, 52]
117  677  667
315  255  654
334  234  224
sol:049 [2, 57, 69, 93, 20, 35, 12]
114  654  667
314  255  677
334  235  227
sol:050 [2, 57, 56, 10, 66, 35, 52]
117  677  667
415  235  633
444  235  225
sol:051 [2, 56, 91, 134, 69, 28, 7]
115  335  777
416  325  375
466  426  422
sol:052 [2, 56, 91, 134, 7, 28, 69]
117  337  557
416  327  355
466  426  422
sol:053 [2, 56, 75, 141, 60, 45, 38]
114  334  734
614  725  735
665  625  722
sol:054 [2, 56, 75, 93, 36, 45, 38]
114  334  735
614  725  735
664  625  722
sol:055 [2, 56, 50, 122, 65, 28, 69]
117  537  537
516  527  433
466  426  422
sol:056 [2, 56, 50, 74, 41, 28, 69]
117  537  437
516  527  433
566  426  422
sol:057 [2, 56, 34, 87, 44, 45, 26]
114  573  777
614  523  533
664  624  522
sol:058 [2, 56, 34, 87, 32, 45, 38]
114  553  755
614  723  733
664  624  722
sol:059 [2, 53, 74, 69, 45, 35, 0]
115  633  663
215  225  673
444  425  777
sol:060 [2, 53, 51, 103, 52, 28, 36]
115  355  357
216  227  337
466  426  447
sol:061 [2, 51, 74, 10, 45, 57, 24]
115  233  223
415  665  623
444  675  777
sol:062 [2, 51, 74, 6, 45, 37, 33]
115  233  223
615  665  423
777  675  444
sol:063 [2, 51, 74, 6, 33, 37, 45]
117  233  223
617  667  423
557  655  444
sol:064 [2, 51, 74, 6, 8, 45, 45]
117  233  223
617  557  423
667  655  444
sol:065 [2, 51, 72, 128, 55, 28, 52]
117  277  227
416  433  423
566  556  453
sol:066 [2, 51, 69, 87, 3, 9, 36]
114  255  227
314  557  627
334  634  667
sol:067 [2, 51, 69, 72, 3, 9, 45]
117  255  224
317  557  624
337  634  664
sol:068 [2, 51, 61, 138, 54, 9, 52]
117  277  227
314  334  624
354  655  665
sol:069 [2, 51, 30, 128, 55, 28, 36]
113  233  227
416  437  427
566  556  457
sol:070 [2, 51, 15, 129, 66, 9, 33]
114  234  224
315  335  624
777  675  665
sol:071 [2, 51, 15, 93, 33, 9, 36]
114  234  227
314  337  627
554  655  667
sol:072 [2, 51, 15, 78, 45, 9, 33]
115  234  224
315  335  624
777  675  664
sol:073 [2, 51, 15, 78, 33, 9, 45]
117  234  224
317  337  624
557  655  664
sol:074 [2, 50, 32, 93, 41, 5, 19]
114  524  722
514  563  772
564  663  733
sol:075 [2, 50, 32, 93, 21, 45, 19]
114  524  722
614  553  772
664  653  733
sol:076 [2, 49, 83, 134, 54, 18, 45]
117  336  366
417  237  226
457  455  425
sol:077 [2, 48, 91, 50, 24, 45, 45]
117  334  444
617  327  322
667  655  552
sol:078 [2, 48, 12, 93, 41, 9, 26]
114  574  777
514  523  622
534  633  662
sol:079 [2, 44, 59, 134, 25, 0, 52]
117  377  337
412  355  556
422  426  466
sol:080 [2, 44, 59, 134, 6, 48, 52]
117  377  337
412  366  556
422  426  455
sol:081 [2, 44, 32, 134, 31, 35, 52]
117  677  667
412  553  655
422  423  433
sol:082 [2, 44, 32, 134, 7, 43, 52]
117  677  557
412  663  655
422  423  433
sol:083 [2, 44, 32, 122, 65, 10, 52]
117  577  567
512  563  466
422  423  433
sol:084 [2, 44, 32, 122, 7, 15, 52]
117  677  557
612  663  455
422  423  433
sol:085 [2, 44, 32, 74, 41, 10, 52]
117  577  467
512  563  466
522  423  433
sol:086 [2, 44, 18, 122, 65, 0, 52]
117  577  537
512  533  436
422  426  466
sol:087 [2, 44, 18, 74, 41, 0, 52]
117  577  437
512  533  436
522  426  466
sol:088 [2, 43, 36, 56, 69, 45, 0]
115  425  444
613  225  275
663  633  777
sol:089 [2, 42, 17, 28, 41, 0, 26]
114  572  777
514  522  326
544  336  366
sol:090 [2, 42, 8, 87, 44, 45, 26]
114  572  777
614  522  523
664  634  533
sol:091 [2, 42, 8, 87, 32, 45, 38]
114  552  755
614  722  723
664  634  733
sol:092 [2, 40, 30, 4, 68, 35, 12]
113  633  667
514  532  677
444  522  527
sol:093 [2, 38, 88, 120, 44, 45, 7]
112  522  777
612  533  574
664  634  534
sol:094 [2, 38, 88, 63, 68, 35, 12]
112  622  667
512  533  677
444  534  537
sol:095 [2, 38, 81, 56, 60, 45, 0]
112  422  444
612  335  375
665  635  777
sol:096 [2, 38, 81, 56, 0, 45, 60]
112  422  444
612  337  355
667  637  557
sol:097 [2, 38, 80, 36, 65, 9, 33]
112  522  544
512  533  634
777  673  664
sol:098 [2, 38, 80, 24, 68, 35, 33]
112  622  664
512  533  634
777  573  544
sol:099 [2, 38, 69, 56, 60, 57, 0]
112  422  444
312  665  675
335  635  777
sol:100 [2, 38, 69, 56, 31, 9, 60]
112  422  444
312  557  655
337  637  667
sol:101 [2, 38, 69, 56, 0, 57, 60]
112  422  444
312  667  655
337  637  557
sol:102 [2, 38, 69, 54, 60, 43, 7]
112  622  777
312  665  675
335  435  444
sol:103 [2, 38, 67, 43, 48, 45, 36]
112  322  447
612  337  437
665  655  457
sol:104 [2, 38, 67, 19, 60, 45, 24]
112  322  444
612  335  435
665  675  777
sol:105 [2, 38, 18, 72, 65, 9, 33]
112  522  534
512  533  634
777  674  664
sol:106 [2, 38, 10, 109, 68, 35, 60]
112  622  663
512  537  633
447  547  547
sol:107 [2, 38, 9, 10, 8, 35, 36]
112  622  667
412  557  637
444  355  337
sol:108 [2, 38, 5, 134, 12, 35, 60]
112  622  665
412  337  655
437  437  457
sol:109 [2, 38, 4, 109, 68, 35, 12]
112  622  667
512  533  677
443  543  547
sol:110 [2, 38, 2, 115, 65, 17, 48]
112  522  533
512  563  663
447  477  467
sol:111 [2, 38, 2, 115, 19, 15, 48]
112  622  533
612  663  553
447  477  457
sol:112 [2, 38, 2, 108, 65, 17, 55]
112  522  533
512  563  663
744  774  764
sol:113 [2, 38, 2, 108, 55, 15, 19]
112  622  733
612  663  773
544  554  754
sol:114 [2, 38, 2, 108, 41, 25, 19]
112  522  733
512  563  773
544  664  764
sol:115 [2, 38, 2, 108, 19, 15, 55]
112  622  533
612  663  553
744  774  754
sol:116 [2, 38, 2, 96, 41, 5, 19]
112  522  733
512  563  773
564  664  744
sol:117 [2, 38, 2, 96, 21, 45, 19]
112  522  733
612  553  773
664  654  744
sol:118 [2, 38, 2, 63, 30, 15, 19]
112  622  733
612  663  773
444  554  755
sol:119 [2, 36, 69, 92, 13, 0, 52]
117  477  457
312  422  556
332  436  566
sol:120 [2, 36, 59, 12, 24, 45, 52]
117  377  337
612  322  444
662  655  554
sol:121 [2, 36, 0, 109, 68, 35, 52]
117  677  667
512  522  633
442  543  543
sol:122 [2, 35, 24, 141, 44, 45, 48]
114  524  224
614  523  533
667  677  537
sol:123 [2, 35, 16, 93, 44, 45, 36]
114  524  227
614  527  537
664  633  537
sol:124 [2, 35, 16, 78, 44, 45, 45]
117  524  224
617  527  534
667  633  534
sol:125 [2, 35, 12, 93, 41, 9, 12]
114  524  227
514  523  677
534  633  667
sol:126 [2, 34, 35, 28, 65, 0, 55]
114  532  522
514  532  336
744  776  766
sol:127 [2, 32, 19, 93, 32, 45, 24]
114  554  355
614  332  322
664  672  777
sol:128 [2, 30, 53, 4, 32, 0, 19]
112  552  755
314  322  776
444  336  766
sol:129 [2, 27, 42, 28, 65, 0, 55]
114  523  523
514  533  226
744  776  766
sol:130 [2, 27, 13, 0, 65, 28, 69]
117  527  527
516  537  224
366  336  444
sol:131 [2, 26, 69, 48, 38, 51, 45]
117  662  562
317  567  522
337  534  444
sol:132 [2, 26, 69, 48, 15, 35, 45]
117  652  662
317  557  622
337  534  444
sol:133 [2, 26, 27, 103, 54, 15, 45]
117  632  332
617  667  322
457  455  445
sol:134 [2, 26, 27, 69, 45, 15, 24]
115  632  332
615  665  322
444  475  777
sol:135 [2, 26, 27, 54, 45, 15, 33]
115  632  332
615  665  322
777  475  444
sol:136 [2, 26, 27, 54, 41, 12, 45]
117  532  332
517  567  322
567  466  444
sol:137 [2, 26, 27, 54, 33, 15, 45]
117  632  332
617  667  322
557  455  444
sol:138 [2, 26, 27, 48, 41, 5, 45]
117  532  332
517  567  322
567  664  444
sol:139 [2, 26, 27, 48, 21, 45, 45]
117  532  332
617  557  322
667  654  444
sol:140 [2, 26, 15, 103, 54, 35, 45]
117  632  662
317  337  622
457  455  445
sol:141 [2, 26, 15, 69, 45, 35, 24]
115  632  662
315  335  622
444  475  777
sol:142 [2, 26, 15, 54, 45, 35, 33]
115  632  662
315  335  622
777  475  444
sol:143 [2, 26, 15, 54, 33, 35, 45]
117  632  662
317  337  622
557  455  444
sol:144 [2, 24, 41, 43, 41, 28, 52]
117  577  447
516  532  432
566  336  422
sol:145 [2, 24, 36, 115, 65, 3, 52]
117  577  567
513  562  662
443  433  422
sol:146 [2, 24, 36, 115, 57, 35, 52]
117  677  667
513  552  652
443  433  422
sol:147 [2, 24, 35, 100, 65, 28, 55]
114  534  544
516  532  332
766  776  722
sol:148 [2, 21, 82, 87, 65, 9, 12]
114  533  537
514  523  677
224  624  667
sol:149 [2, 21, 50, 141, 65, 9, 60]
114  534  534
514  527  633
227  627  667
sol:150 [2, 21, 50, 132, 65, 9, 69]
117  537  537
514  527  633
224  624  664
sol:151 [2, 21, 24, 132, 68, 35, 52]
117  677  667
514  523  633
224  524  534
sol:152 [2, 17, 72, 43, 41, 28, 52]
117  577  447
516  533  423
566  226  423
sol:153 [2, 17, 61, 80, 52, 28, 36]
115  455  457
316  337  427
366  226  427
sol:154 [2, 17, 30, 43, 41, 28, 36]
113  533  447
516  537  427
566  226  427
sol:155 [2, 16, 59, 10, 50, 9, 52]
117  377  337
415  355  652
444  622  662
sol:156 [2, 16, 49, 93, 9, 45, 7]
114  554  777
614  355  372
664  622  332
sol:157 [2, 16, 44, 103, 65, 3, 52]
117  577  567
513  563  662
433  422  442
sol:158 [2, 16, 44, 103, 57, 35, 52]
117  677  667
513  553  652
433  422  442
sol:159 [2, 16, 18, 4, 65, 9, 52]
117  577  537
514  533  632
444  622  662
sol:160 [2, 15, 72, 100, 55, 28, 19]
114  224  744
216  233  773
566  556  753
sol:161 [2, 15, 72, 100, 19, 28, 55]
114  224  544
216  233  553
766  776  753
sol:162 [2, 15, 72, 93, 33, 9, 7]
114  224  777
214  233  673
554  655  663
sol:163 [2, 15, 64, 115, 19, 18, 45]
117  226  566
217  237  556
447  433  453
sol:164 [2, 15, 64, 4, 69, 9, 7]
115  225  777
214  235  675
444  633  663
sol:165 [2, 15, 64, 4, 7, 9, 69]
117  227  557
214  237  655
444  633  663
sol:166 [2, 15, 48, 74, 45, 18, 33]
115  226  466
215  235  436
777  475  433
sol:167 [2, 15, 48, 74, 33, 18, 45]
117  226  466
217  237  436
557  455  433
sol:168 [2, 15, 48, 19, 69, 28, 55]
115  225  444
216  235  435
766  776  733
sol:169 [2, 15, 38, 115, 19, 18, 48]
113  226  566
213  233  556
447  477  457
sol:170 [2, 15, 38, 108, 55, 18, 19]
113  226  766
213  233  776
544  554  754
sol:171 [2, 15, 38, 108, 19, 18, 55]
113  226  566
213  233  556
744  774  754
sol:172 [2, 15, 38, 63, 30, 18, 19]
113  226  766
213  233  776
444  554  755
sol:173 [2, 15, 13, 31, 18, 28, 69]
117  227  457
216  237  455
366  336  445
sol:174 [2, 15, 13, 19, 69, 28, 0]
115  225  444
216  235  475
366  336  777
sol:175 [2, 15, 13, 6, 69, 28, 7]
115  225  777
216  235  475
366  336  444
sol:176 [2, 15, 13, 6, 7, 28, 69]
117  227  557
216  237  455
366  336  444
sol:177 [2, 15, 3, 129, 66, 9, 33]
114  224  334
215  235  634
777  675  665
sol:178 [2, 15, 3, 93, 33, 9, 36]
114  224  337
214  237  637
554  655  667
sol:179 [2, 15, 3, 78, 45, 9, 33]
115  224  334
215  235  634
777  675  664
sol:180 [2, 15, 3, 78, 33, 9, 45]
117  224  334
217  237  634
557  655  664
sol:181 [2, 12, 0, 93, 41, 9, 26]
114  574  777
514  522  633
524  623  663
sol:182 [2, 11, 64, 62, 0, 45, 45]
117  444  224
617  237  255
667  633  553
sol:183 [2, 11, 38, 62, 0, 45, 48]
113  444  224
613  233  255
667  677  557
sol:184 [2, 11, 36, 129, 9, 45, 0]
114  554  224
613  255  274
663  633  777
sol:185 [2, 9, 69, 56, 3, 0, 45]
117  455  444
317  557  226
337  236  266
sol:186 [2, 8, 89, 10, 66, 35, 52]
117  677  667
415  335  622
444  325  325
sol:187 [2, 6, 51, 100, 68, 0, 33]
114  324  344
512  522  336
777  576  566
sol:188 [2, 6, 0, 100, 65, 9, 33]
114  524  544
512  522  633
777  673  663
sol:189 [2, 2, 64, 4, 65, 9, 52]
117  577  527
514  532  622
444  633  663
sol:190 [2, 2, 61, 80, 30, 28, 52]
117  477  427
316  332  422
366  556  455
sol:191 [2, 2, 13, 6, 65, 28, 52]
117  577  527
516  532  422
366  336  444
sol:192 [2, 1, 67, 132, 69, 45, 26]
115  375  777
614  335  235
664  624  224
sol:193 [2, 1, 67, 87, 42, 45, 26]
114  375  777
614  335  235
664  624  225
sol:194 [2, 1, 67, 87, 26, 45, 36]
114  355  557
614  337  237
664  624  227
sol:195 [2, 1, 67, 72, 26, 45, 45]
117  355  554
617  337  234
667  624  224
sol:196 [2, 1, 59, 120, 50, 45, 52]
117  377  337
615  355  254
664  624  224
sol:197 [2, 1, 59, 93, 20, 45, 12]
114  354  337
614  355  277
664  625  227
sol:198 [2, 1, 0, 56, 3, 45, 45]
117  455  444
617  557  233
667  623  223
sol:199 [2, 0, 83, 140, 49, 18, 45]
117  336  366
417  437  426
457  552  522
sol:200 [2, 0, 74, 43, 41, 5, 45]
117  533  443
517  567  423
567  662  422
sol:201 [2, 0, 74, 43, 21, 45, 45]
117  533  443
617  557  423
667  652  422
sol:202 [2, 0, 69, 80, 15, 18, 45]
117  456  466
317  557  426
337  532  422
sol:203 [2, 0, 66, 141, 68, 35, 33]
114  634  664
514  533  623
777  572  522
sol:204 [2, 0, 61, 138, 49, 35, 52]
117  677  667
314  334  624
354  552  522
sol:205 [2, 0, 30, 123, 68, 35, 33]
113  633  664
514  534  624
777  572  522
sol:206 [2, 0, 17, 28, 41, 26, 26]
114  576  777
514  566  326
544  332  322
sol:207 [2, 0, 17, 4, 69, 15, 26]
115  675  777
614  665  325
444  332  322
sol:208 [1, 67, 36, 35, 18, 9, 69]
417  217  257
413  227  655
443  633  665
sol:209 [1, 67, 8, 89, 13, 28, 69]
417  217  257
416  227  553
466  436  533
sol:210 [1, 63, 51, 103, 54, 18, 45]
217  316  366
217  227  336
457  455  445
sol:211 [1, 63, 51, 69, 45, 18, 24]
215  316  366
215  225  336
444  475  777
sol:212 [1, 63, 51, 54, 45, 18, 33]
215  316  366
215  225  336
777  475  444
sol:213 [1, 63, 51, 54, 33, 18, 45]
217  316  366
217  227  336
557  455  444
sol:214 [1, 63, 9, 129, 66, 35, 33]
214  614  664
215  225  634
777  375  335
sol:215 [1, 63, 9, 93, 33, 35, 36]
214  614  667
214  227  637
554  355  337
sol:216 [1, 63, 9, 78, 45, 35, 33]
215  614  664
215  225  634
777  375  334
sol:217 [1, 63, 9, 78, 33, 35, 45]
217  614  664
217  227  634
557  355  334
sol:218 [1, 61, 55, 31, 18, 28, 69]
317  317  457
216  337  455
266  226  445
sol:219 [1, 61, 55, 19, 69, 28, 0]
315  315  444
216  335  475
266  226  777
sol:220 [1, 61, 55, 6, 69, 28, 7]
315  315  777
216  335  475
266  226  444
sol:221 [1, 61, 55, 6, 7, 28, 69]
317  317  557
216  337  455
266  226  444
sol:222 [1, 61, 42, 28, 13, 0, 71]
714  713  753
214  733  556
244  226  566
sol:223 [1, 61, 3, 0, 71, 28, 69]
517  517  337
216  537  534
266  226  444
sol:224 [1, 51, 20, 129, 66, 9, 47]
714  214  224
715  735  624
733  635  665
sol:225 [1, 51, 20, 78, 45, 9, 47]
715  214  224
715  735  624
733  635  664
sol:226 [1, 44, 3, 134, 71, 0, 69]
517  517  337
412  537  536
422  426  466
sol:227 [1, 44, 3, 89, 44, 0, 69]
417  517  337
412  537  536
422  426  566
sol:228 [1, 36, 51, 100, 49, 0, 47]
714  314  344
712  722  336
752  556  566
sol:229 [1, 36, 9, 129, 54, 35, 47]
714  614  664
712  722  634
752  355  335
sol:230 [1, 30, 36, 24, 13, 45, 71]
712  712  754
613  722  554
663  633  544
sol:231 [1, 30, 36, 13, 71, 45, 0]
512  512  444
613  522  574
663  633  777
sol:232 [1, 30, 36, 0, 71, 45, 7]
512  512  777
613  522  574
663  633  444
sol:233 [1, 30, 36, 0, 1, 45, 71]
712  712  755
613  722  554
663  633  444
sol:234 [1, 30, 8, 143, 1, 28, 62]
412  412  455
416  722  553
766  736  733
sol:235 [1, 30, 8, 134, 71, 28, 7]
512  512  777
416  522  573
466  436  433
sol:236 [1, 30, 8, 134, 1, 28, 71]
712  712  755
416  722  553
466  436  433
sol:237 [1, 30, 8, 89, 44, 28, 7]
412  512  777
416  522  573
466  436  533
sol:238 [1, 26, 61, 107, 54, 9, 45]
417  412  442
317  337  622
357  655  665
sol:239 [1, 26, 38, 96, 49, 35, 47]
713  612  662
713  733  622
754  554  544
sol:240 [1, 26, 38, 63, 47, 35, 24]
513  612  662
513  533  622
444  574  777
sol:241 [1, 26, 38, 48, 47, 35, 33]
513  612  662
513  533  622
777  574  444
sol:242 [1, 26, 38, 48, 27, 35, 47]
713  612  662
713  733  622
755  554  444
sol:243 [1, 26, 20, 54, 45, 35, 47]
715  612  662
715  735  622
733  435  444
sol:244 [1, 21, 51, 48, 47, 18, 45]
517  316  366
517  527  336
227  524  444
sol:245 [1, 21, 26, 131, 68, 0, 45]
417  413  433
517  527  436
227  526  566
sol:246 [1, 21, 26, 80, 47, 0, 45]
517  413  433
517  527  436
227  526  466
sol:247 [1, 18, 9, 93, 54, 35, 47]
714  614  662
714  722  632
754  355  335
sol:248 [1, 13, 8, 143, 13, 28, 69]
417  417  457
416  227  553
266  236  533
sol:249 [1, 10, 69, 132, 69, 9, 71]
715  715  722
314  725  625
334  634  664
sol:250 [1, 10, 69, 87, 42, 9, 71]
714  715  722
314  725  625
334  634  665
sol:251 [1, 10, 36, 6, 69, 45, 71]
715  715  722
613  725  425
663  633  444
sol:252 [1, 1, 55, 141, 7, 45, 60]
314  314  554
614  337  255
667  627  227
sol:253 [1, 1, 55, 132, 69, 45, 7]
315  315  777
614  335  275
664  624  224
sol:254 [1, 1, 55, 132, 7, 45, 69]
317  317  557
614  337  255
664  624  224
sol:255 [1, 1, 55, 87, 42, 45, 7]
314  315  777
614  335  275
664  624  225
sol:256 [1, 1, 42, 87, 18, 45, 71]
714  713  753
614  733  255
664  624  225
sol:257 [1, 1, 4, 141, 18, 45, 71]
714  714  754
614  733  255
663  623  225
sol:258 [1, 0, 61, 131, 49, 18, 45]
417  416  466
317  337  426
357  552  522
sol:259 [1, 0, 38, 131, 68, 18, 33]
413  416  466
513  533  426
777  572  522
sol:260 [1, 0, 38, 95, 27, 18, 38]
413  416  766
413  733  726
455  552  722
sol:261 [1, 0, 38, 80, 47, 18, 33]
513  416  466
513  533  426
777  572  422
sol:262 [1, 0, 38, 80, 27, 18, 47]
713  416  466
713  733  426
755  552  422
sol:263 [1, 0, 19, 95, 49, 18, 45]
417  416  366
417  337  326
457  552  522
sol:264 [0, 86, 51, 96, 49, 18, 47]
722  316  366
712  712  336
754  554  544
sol:265 [0, 86, 51, 63, 47, 18, 24]
522  316  366
512  512  336
444  574  777
sol:266 [0, 86, 51, 48, 47, 18, 33]
522  316  366
512  512  336
777  574  444
sol:267 [0, 86, 51, 48, 27, 18, 47]
722  316  366
712  712  336
755  554  444
sol:268 [0, 86, 26, 131, 68, 0, 33]
422  413  433
512  512  436
777  576  566
sol:269 [0, 86, 26, 95, 27, 0, 38]
422  413  733
412  712  736
455  556  766
sol:270 [0, 86, 26, 80, 47, 0, 33]
522  413  433
512  512  436
777  576  466
sol:271 [0, 86, 26, 80, 27, 0, 47]
722  413  433
712  712  436
755  556  466
sol:272 [0, 79, 69, 141, 7, 9, 60]
224  214  554
314  217  655
337  637  667
sol:273 [0, 79, 69, 132, 69, 9, 7]
225  215  777
314  215  675
334  634  664
sol:274 [0, 79, 69, 132, 7, 9, 69]
227  217  557
314  217  655
334  634  664
sol:275 [0, 79, 69, 87, 42, 9, 7]
224  215  777
314  215  675
334  634  665
sol:276 [0, 79, 36, 31, 18, 45, 69]
227  217  457
613  217  455
663  633  445
sol:277 [0, 79, 36, 19, 69, 45, 0]
225  215  444
613  215  475
663  633  777
sol:278 [0, 79, 36, 6, 69, 45, 7]
225  215  777
613  215  475
663  633  444
sol:279 [0, 79, 36, 6, 7, 45, 69]
227  217  557
613  217  455
663  633  444
sol:280 [0, 69, 36, 119, 18, 9, 69]
447  417  457
213  217  655
223  633  665
sol:281 [0, 69, 36, 71, 42, 9, 7]
444  415  777
213  215  675
223  633  665
sol:282 [0, 69, 17, 107, 12, 54, 60]
466  416  445
216  217  355
227  337  357
sol:283 [0, 69, 17, 71, 39, 0, 7]
444  415  777
215  215  376
225  336  366
sol:284 [0, 61, 78, 24, 13, 28, 71]
733  713  754
216  713  554
266  226  544
sol:285 [0, 61, 78, 13, 71, 28, 0]
533  513  444
216  513  574
266  226  777
sol:286 [0, 61, 78, 0, 71, 28, 7]
533  513  777
216  513  574
266  226  444
sol:287 [0, 61, 78, 0, 1, 28, 71]
733  713  755
216  713  554
266  226  444
sol:288 [0, 61, 49, 119, 18, 28, 69]
447  417  457
216  317  355
266  226  335
sol:289 [0, 61, 49, 71, 42, 28, 7]
444  415  777
216  315  375
266  226  335
sol:290 [0, 61, 44, 112, 13, 0, 71]
744  714  754
213  713  556
233  226  566
sol:291 [0, 61, 44, 65, 44, 0, 7]
444  514  777
213  513  576
233  226  566
sol:292 [0, 57, 51, 47, 54, 18, 45]
447  316  366
417  217  336
457  255  225
sol:293 [0, 57, 51, 23, 66, 18, 33]
444  316  366
415  215  336
777  275  225
sol:294 [0, 57, 0, 23, 63, 35, 33]
444  615  665
415  215  633
777  273  223
sol:295 [0, 51, 95, 129, 66, 9, 33]
334  214  224
315  315  624
777  675  665
sol:296 [0, 51, 95, 93, 33, 9, 36]
334  214  227
314  317  627
554  655  667
sol:297 [0, 51, 95, 78, 45, 9, 33]
335  214  224
315  315  624
777  675  664
sol:298 [0, 51, 95, 78, 33, 9, 45]
337  214  224
317  317  624
557  655  664
sol:299 [0, 44, 78, 143, 1, 0, 62]
433  413  455
412  713  556
722  726  766
sol:300 [0, 44, 78, 134, 71, 0, 7]
533  513  777
412  513  576
422  426  466
sol:301 [0, 44, 78, 134, 1, 0, 71]
733  713  755
412  713  556
422  426  466
sol:302 [0, 44, 78, 89, 44, 0, 7]
433  513  777
412  513  576
422  426  566
sol:303 [0, 34, 51, 40, 49, 0, 47]
744  312  322
714  712  336
754  556  566
sol:304 [0, 34, 51, 17, 68, 0, 33]
444  312  322
514  512  336
777  576  566
sol:305 [0, 34, 0, 28, 55, 63, 38]
664  612  722
614  712  733
544  553  753
sol:306 [0, 34, 0, 17, 65, 9, 33]
444  512  522
514  512  633
777  673  663
sol:307 [0, 26, 95, 103, 54, 35, 45]
337  612  662
317  317  622
457  455  445
sol:308 [0, 26, 95, 69, 45, 35, 24]
335  612  662
315  315  622
444  475  777
sol:309 [0, 26, 95, 54, 45, 35, 33]
335  612  662
315  315  622
777  475  444
sol:310 [0, 26, 95, 54, 33, 35, 45]
337  612  662
317  317  622
557  455  444
sol:311 [0, 26, 59, 47, 54, 9, 45]
447  312  332
417  317  622
457  655  665
sol:312 [0, 26, 59, 23, 66, 9, 33]
444  312  332
415  315  622
777  675  665
sol:313 [0, 26, 32, 40, 49, 35, 47]
744  612  662
714  713  622
754  553  533
sol:314 [0, 26, 32, 17, 68, 35, 33]
444  612  662
514  513  622
777  573  533
sol:315 [0, 24, 36, 112, 13, 45, 71]
744  714  754
613  712  552
663  633  522
sol:316 [0, 24, 36, 65, 44, 45, 7]
444  514  777
613  512  572
663  633  522
sol:317 [0, 24, 17, 65, 41, 28, 7]
444  514  777
516  512  372
566  336  322
sol:318 [0, 20, 8, 143, 1, 54, 62]
466  416  455
416  712  553
722  732  733
sol:319 [0, 20, 8, 134, 71, 54, 7]
566  516  777
416  512  573
422  432  433
sol:320 [0, 20, 8, 134, 1, 54, 71]
766  716  755
416  712  553
422  432  433
sol:321 [0, 20, 8, 89, 44, 54, 7]
466  516  777
416  512  573
422  432  533
sol:322 [0, 16, 49, 71, 39, 45, 7]
444  415  777
615  315  372
665  622  332
sol:323 [0, 16, 44, 100, 19, 63, 62]
664  614  544
613  713  552
733  722  752
sol:324 [0, 16, 44, 65, 41, 9, 7]
444  514  777
513  513  672
533  622  662
sol:325 [0, 11, 9, 129, 66, 63, 33]
664  614  224
615  215  234
777  375  335
sol:326 [0, 11, 9, 93, 33, 63, 36]
664  614  227
614  217  237
554  355  337
sol:327 [0, 11, 9, 78, 45, 63, 33]
665  614  224
615  215  234
777  375  334
sol:328 [0, 11, 9, 78, 33, 63, 45]
667  614  224
617  217  234
557  355  334
sol:329 [0, 9, 59, 35, 48, 54, 36]
466  316  337
416  317  227
445  255  257
sol:330 [0, 9, 59, 23, 63, 0, 33]
444  315  335
415  315  226
777  276  266
sol:331 [0, 9, 32, 17, 65, 18, 33]
444  516  566
514  513  226
777  273  233
sol:332 [0, 1, 21, 141, 7, 63, 60]
664  614  554
614  317  255
337  327  227
sol:333 [0, 1, 21, 132, 69, 63, 7]
665  615  777
614  315  275
334  324  224
sol:334 [0, 1, 21, 132, 7, 63, 69]
667  617  557
614  317  255
334  324  224
sol:335 [0, 1, 21, 87, 42, 63, 7]
664  615  777
614  315  275
334  324  225
sol:336 [0, 0, 2, 131, 68, 54, 33]
466  416  433
516  513  423
777  572  522
sol:337 [0, 0, 2, 95, 27, 54, 38]
466  416  733
416  713  723
455  552  722
sol:338 [0, 0, 2, 80, 47, 54, 33]
566  416  433
516  513  423
777  572  422
sol:339 [0, 0, 2, 80, 27, 54, 47]
766  416  433
716  713  423
755  552  422
128.71sec

Process finished with exit code 0
